%YAML:1.0
---
cameraMatrix1: !!opencv-matrix
   rows: 3
   cols: 3
   dt: d
   data: [ 1402.2909407684201, 0., 950.31958996601566, 0.,
       1401.5328647892366, 534.85416520953299, 0., 0., 1. ]
distCoeffs1: !!opencv-matrix
   rows: 1
   cols: 5
   dt: d
   data: [ -0.042562189158299533, 0.58817763009942925,
       -0.00012198954172605843, -0.0031154209977468615,
       -1.6622430282665441 ]
cameraMatrix2: !!opencv-matrix
   rows: 3
   cols: 3
   dt: d
   data: [ 1401.3573178093611, 0., 951.26020831829874, 0.,
       1401.2772237902043, 540.26607142920795, 0., 0., 1. ]
distCoeffs2: !!opencv-matrix
   rows: 1
   cols: 5
   dt: d
   data: [ -0.063378577464945851, 1.5874806347408024,
       0.0001072357561287496, -0.00085792802760225229,
       -9.7323322387585982 ]
R: !!opencv-matrix
   rows: 3
   cols: 3
   dt: d
   data: [ 0.99971893223151764, 0.00055654617995524764,
       -0.023701198160088102, -0.00031092854934310142,
       0.99994622827804547, 0.010365513781194534, 0.023705692592948843,
       -0.01035523099020527, 0.99966534866915746 ]
T: !!opencv-matrix
   rows: 3
   cols: 1
   dt: d
   data: [ -0.12185893644691011, 0.00052333735984053098,
       0.00095232976398965336 ]
Reprojection error: 0.29212452266530808
